0
100
106
121
124
128
136
138
141
144
158
16
160
161
171
172
182
19
192
20
202
207
21
214
218
219
221
228
23
230
231
232
24
244
254
257
262
280
282
285
291
293
3
307
31
310
311
312
313
318
321
33
335
336
34
341
35
362
364
368
369
373
376
379
380
388
399
400
403
415
417
419
422
424
426
427
429
43
434
437
442
444
452
458
460
462
479
486
487
49
491
5
500
508
516
517
524
526
537
542
547
551
552
556
557
558
56
560
564
566
570
572
582
583
588
598
599
6
602
605
606
611
612
615
628
630
635
637
639
642
645
647
648
657
666
669
671
673
674
677
679
682
683
69
691
692
696
7
707
711
716
717
718
721
722
723
728
73
731
732
737
744
751
752
762
770
784
79
790
793
8
802
803
805
811
816
819
828
829
83
832
838
84
845
860
861
863
865
87
870
879
881
886
887
900
901
902
903
92
927
93
934
940
947
948
952
96
962
97
977
978
980
982
984
992
993
