103
11
115
12
132
142
15
155
164
166
167
170
173
176
177
181
183
186
193
194
198
2
206
222
224
233
235
247
251
255
259
260
261
264
267
269
270
276
283
286
288
292
303
319
325
326
331
339
349
358
359
360
366
370
374
378
382
385
396
402
41
412
413
416
42
420
425
431
441
443
447
448
457
466
473
475
478
481
485
494
498
499
50
504
505
51
529
530
532
534
543
545
548
562
563
565
571
574
575
578
587
593
60
600
613
618
62
621
626
629
631
632
654
659
667
670
680
684
686
687
688
703
704
705
706
708
712
719
730
733
739
745
755
758
767
768
771
774
777
78
780
781
782
783
786
792
798
799
80
822
827
839
844
847
858
86
864
872
88
882
884
898
90
912
918
926
928
929
930
937
94
941
946
953
954
958
969
970
972
976
981
983
990
991
998
