101
108
109
112
117
122
123
13
137
139
14
140
145
150
151
165
168
187
188
190
191
196
201
203
205
211
212
213
229
234
236
239
240
245
248
253
26
265
27
275
277
28
284
290
295
299
304
306
314
315
32
322
323
330
332
338
342
344
348
351
354
367
386
389
390
397
4
40
405
411
421
436
450
451
453
46
463
468
47
470
471
48
480
482
489
492
493
496
503
509
510
511
512
513
514
515
527
536
539
540
55
554
559
561
568
569
577
579
58
584
585
590
607
609
617
623
633
644
652
653
658
665
668
67
676
693
695
698
700
701
710
714
715
735
74
742
75
750
759
761
77
778
779
789
791
796
800
801
806
808
809
810
813
814
818
820
821
825
826
830
831
833
835
837
841
846
852
853
856
862
868
877
878
889
89
890
897
9
906
907
910
915
916
921
923
924
931
935
938
942
945
949
950
964
966
967
971
986
99
995
996
