10
104
105
107
110
116
119
129
130
131
149
153
157
162
163
174
175
178
179
180
184
185
195
209
210
216
223
238
242
246
25
266
268
287
294
296
297
300
301
302
308
309
316
317
324
327
334
337
340
350
352
353
357
361
37
371
375
377
383
387
39
391
392
395
398
401
404
406
407
408
423
430
433
44
445
45
455
456
459
465
467
472
490
52
520
528
53
531
533
538
54
546
549
550
555
567
57
573
576
589
59
594
597
601
603
608
610
614
619
620
622
624
625
627
63
634
636
638
650
663
672
675
709
713
72
729
741
743
754
756
757
763
772
776
785
787
788
794
797
804
807
81
812
815
817
823
840
85
850
851
854
857
859
867
871
873
874
880
885
891
892
893
894
895
899
904
911
914
917
919
920
925
936
939
943
951
955
956
961
965
968
973
974
98
989
999
