1
102
111
113
114
118
120
125
126
127
133
134
135
143
146
147
148
152
154
156
159
169
17
18
189
197
199
200
204
208
215
217
22
220
225
226
227
237
241
243
249
250
252
256
258
263
271
272
273
274
278
279
281
289
29
298
30
305
320
328
329
333
343
345
346
347
355
356
36
363
365
372
38
381
384
393
394
409
410
414
418
428
432
435
438
439
440
446
449
454
461
464
469
474
476
477
483
484
488
495
497
501
502
506
507
518
519
521
522
523
525
535
541
544
553
580
581
586
591
592
595
596
604
61
616
64
640
641
643
646
649
65
651
655
656
66
660
661
662
664
678
68
681
685
689
690
694
697
699
70
702
71
720
724
725
726
727
734
736
738
740
746
747
748
749
753
76
760
764
765
766
769
773
775
795
82
824
834
836
842
843
848
849
855
866
869
875
876
883
888
896
905
908
909
91
913
922
932
933
944
95
957
959
960
963
975
979
985
987
988
994
997
